20
G_viminalis_1       0.0000000 0.2770348 0.1167342 0.1475722 0.2829048 0.2276025 0.0684122 0.3450189 0.3383016 0.2839835 0.2604072 0.0510860 0.3224069 0.3437901 0.2956725 0.2819062 0.2214681 0.2593107 0.5311442 0.5367592 
G_Olivacea_1        0.2770348 0.0000000 0.2541397 0.3123030 0.1966550 0.2046168 0.2301768 0.2860997 0.2743974 0.2964584 0.2883378 0.2761678 0.2904424 0.2858946 0.3064429 0.2624688 0.3384784 0.3086945 0.6631082 0.7163917 
G_rufipes           0.1167342 0.2541397 0.0000000 0.1807173 0.2661671 0.2334221 0.1160825 0.3053153 0.3009920 0.2445954 0.2706843 0.1039218 0.3042270 0.3005656 0.3395760 0.3283010 0.2672525 0.2749914 0.6689011 0.6969407 
G_linnaeana         0.1475722 0.3123030 0.1807173 0.0000000 0.2757423 0.2461280 0.1629218 0.2912765 0.2848448 0.2516021 0.3028841 0.1589634 0.2696056 0.2712002 0.2893256 0.2966476 0.3025527 0.2726760 0.5469697 0.6087657 
G_variabilis_1      0.2829048 0.1966550 0.2661671 0.2757423 0.0000000 0.1840109 0.2498113 0.2448507 0.2340154 0.2310616 0.2464746 0.2904338 0.2097769 0.2393153 0.2984364 0.2848822 0.3490057 0.2731548 0.6344831 0.6170536 
G_fornicata         0.2276025 0.2046168 0.2334221 0.2461280 0.1840109 0.0000000 0.1813667 0.2305379 0.2314915 0.2397585 0.1994951 0.2281824 0.2464750 0.2320209 0.2757527 0.2036152 0.2678833 0.2210858 0.4883682 0.4767677 
G_occidentalis      0.0684122 0.2301768 0.1160825 0.1629218 0.2498113 0.1813667 0.0000000 0.3122811 0.3138626 0.2877840 0.2855009 0.0840747 0.2988092 0.3189215 0.2635422 0.2766268 0.2484188 0.2854755 0.5130779 0.5697375 
G_interposita_1     0.3450189 0.2860997 0.3053153 0.2912765 0.2448507 0.2305379 0.3122811 0.0000000 0.0095765 0.1099444 0.1361949 0.3057747 0.0388739 0.0219942 0.2517233 0.2971313 0.3282543 0.2966996 0.5364678 0.4862326 
G_interposita_2     0.3383016 0.2743974 0.3009920 0.2848448 0.2340154 0.2314915 0.3138626 0.0095765 0.0000000 0.1153823 0.1331242 0.3361522 0.0342603 0.0222350 0.2438170 0.2646565 0.3154900 0.2899478 0.5216502 0.4619211 
G_intermedia        0.2839835 0.2964584 0.2445954 0.2516021 0.2310616 0.2397585 0.2877840 0.1099444 0.1153823 0.0000000 0.0771097 0.2849184 0.0997983 0.1073823 0.2446925 0.2563042 0.3624597 0.2954554 0.5431209 0.5202298 
G_quinquepunctata_2 0.2604072 0.2883378 0.2706843 0.3028841 0.2464746 0.1994951 0.2855009 0.1361949 0.1331242 0.0771097 0.0000000 0.2883553 0.1512638 0.1399462 0.2632637 0.2697280 0.3508720 0.2811914 0.6184923 0.4998601 
G_holdausi          0.0510860 0.2761678 0.1039218 0.1589634 0.2904338 0.2281824 0.0840747 0.3057747 0.3361522 0.2849184 0.2883553 0.0000000 0.3119589 0.3331495 0.3277176 0.3185873 0.2415962 0.2861548 0.5655334 0.6143515 
G_pallida_2         0.3224069 0.2904424 0.3042270 0.2696056 0.2097769 0.2464750 0.2988092 0.0388739 0.0342603 0.0997983 0.1512638 0.3119589 0.0000000 0.0202162 0.2555832 0.2724063 0.3254892 0.2844607 0.5027898 0.4505790 
G_pallida_3         0.3437901 0.2858946 0.3005656 0.2712002 0.2393153 0.2320209 0.3189215 0.0219942 0.0222350 0.1073823 0.1399462 0.3331495 0.0202162 0.0000000 0.2647973 0.2811144 0.3399547 0.2993019 0.4849957 0.4808180 
G_tredecimmaculata  0.2956725 0.3064429 0.3395760 0.2893256 0.2984364 0.2757527 0.2635422 0.2517233 0.2438170 0.2446925 0.2632637 0.3277176 0.2555832 0.2647973 0.0000000 0.3237097 0.2882692 0.2598476 0.6264444 0.5581785 
G_nigropiagiata     0.2819062 0.2624688 0.3283010 0.2966476 0.2848822 0.2036152 0.2766268 0.2971313 0.2646565 0.2563042 0.2697280 0.3185873 0.2724063 0.2811144 0.3237097 0.0000000 0.3826139 0.3875728 0.5287355 0.5182802 
G_kamikawai         0.2214681 0.3384784 0.2672525 0.3025527 0.3490057 0.2678833 0.2484188 0.3282543 0.3154900 0.3624597 0.3508720 0.2415962 0.3254892 0.3399547 0.2882692 0.3826139 0.0000000 0.2497113 0.5980049 0.6027446 
G_rubripennis       0.2593107 0.3086945 0.2749914 0.2726760 0.2731548 0.2210858 0.2854755 0.2966996 0.2899478 0.2954554 0.2811914 0.2861548 0.2844607 0.2993019 0.2598476 0.3875728 0.2497113 0.0000000 0.6042705 0.6009801 
Oreina_cacaiiae     0.5311442 0.6631082 0.6689011 0.5469697 0.6344831 0.4883682 0.5130779 0.5364678 0.5216502 0.5431209 0.6184923 0.5655334 0.5027898 0.4849957 0.6264444 0.5287355 0.5980049 0.6042705 0.0000000 0.6653499 
Chrysomela_tremula  0.5367592 0.7163917 0.6969407 0.6087657 0.6170536 0.4767677 0.5697375 0.4862326 0.4619211 0.5202298 0.4998601 0.6143515 0.4505790 0.4808180 0.5581785 0.5182802 0.6027446 0.6009801 0.6653499 0.0000000 
