20
G_viminalis_1      0.0000000 0.0853531 0.1848508 0.1792007 0.2215066 0.1781094 0.1207309 0.2818895 0.2818895 0.2668208 0.2387205 0.1273577 0.2602488 0.2669771 0.2389442 0.2416668 0.2019460 0.1884888 0.3000107 0.4105874 
G_olivacea_1       0.0853531 0.0000000 0.2772728 0.2462336 0.1743376 0.1602569 0.2350064 0.1995226 0.1995226 0.1868478 0.1730076 0.2519047 0.1746993 0.1797704 0.3106947 0.1927833 0.2484884 0.2454651 0.2360779 0.4255066 
G_rufipes          0.1848508 0.2772728 0.0000000 0.0501089 0.1103800 0.2350735 0.0444397 0.1013756 0.1013756 0.1050569 0.0950658 0.0530719 0.0973152 0.1006850 0.1099922 0.0955541 0.0878608 0.0724358 0.1810275 0.2343986 
G_linnaeana        0.1792007 0.2462336 0.0501089 0.0000000 0.1079919 0.2066952 0.0417502 0.0907116 0.0907116 0.0885372 0.0883663 0.0502272 0.0755269 0.0785406 0.0993779 0.0789199 0.0800560 0.0695628 0.1546110 0.2161548 
G_variabilis_1     0.2215066 0.1743376 0.1103800 0.1079919 0.0000000 0.1662478 0.0875635 0.0762100 0.0762100 0.0721614 0.0609869 0.0976000 0.0690739 0.0696611 0.1201431 0.0716356 0.1030349 0.0995264 0.1126223 0.2123116 
G_fornicata        0.1781094 0.1602569 0.2350735 0.2066952 0.1662478 0.0000000 0.1710629 0.1666150 0.1666150 0.1499420 0.1465279 0.1696187 0.1549773 0.1564770 0.2250281 0.1354487 0.1742109 0.1704157 0.1967600 0.3083537 
G_occidentalis     0.1207309 0.2350064 0.0444397 0.0417502 0.0875635 0.1710629 0.0000000 0.0883735 0.0883735 0.0795993 0.0695801 0.0109752 0.0782914 0.0814319 0.0836753 0.0793162 0.0612433 0.0507380 0.1342387 0.1741793 
G_interposita_1    0.2818895 0.1995226 0.1013756 0.0907116 0.0762100 0.1666150 0.0883735 0.0000000 0.0000010 0.0334967 0.0340847 0.1025435 0.0108258 0.0086049 0.1107191 0.0478037 0.1033439 0.0947460 0.1198627 0.2225737 
G_interposita_2    0.2818895 0.1995226 0.1013756 0.0907116 0.0762100 0.1666150 0.0883735 0.0000010 0.0000000 0.0334967 0.0340847 0.1025435 0.0108258 0.0086049 0.1107191 0.0478037 0.1033439 0.0947460 0.1198627 0.2225737 
G_intermedia       0.2668208 0.1868478 0.1050569 0.0885372 0.0721614 0.1499420 0.0795993 0.0334967 0.0334967 0.0000000 0.0175988 0.0874652 0.0287811 0.0311990 0.1152291 0.0451368 0.0874435 0.0978264 0.1109764 0.2132347 
G_quinquepunctata  0.2387205 0.1730076 0.0950658 0.0883663 0.0609869 0.1465279 0.0695801 0.0340847 0.0340847 0.0175988 0.0000000 0.0769021 0.0292367 0.0316945 0.1008792 0.0379444 0.0835850 0.0858463 0.1144766 0.1976778 
G_holdausi         0.1273577 0.2519047 0.0530719 0.0502272 0.0976000 0.1696187 0.0109752 0.1025435 0.1025435 0.0874652 0.0769021 0.0000000 0.0917043 0.0950687 0.0973041 0.0871525 0.0648640 0.0569857 0.1397129 0.1867225 
G_pallida_2        0.2602488 0.1746993 0.0973152 0.0755269 0.0690739 0.1549773 0.0782914 0.0108258 0.0108258 0.0287811 0.0292367 0.0917043 0.0000000 0.0021079 0.1051014 0.0476579 0.0870005 0.0846158 0.1169009 0.2084905 
G_pallida_3        0.2669771 0.1797704 0.1006850 0.0785406 0.0696611 0.1564770 0.0814319 0.0086049 0.0086049 0.0311990 0.0316945 0.0950687 0.0021079 0.0000000 0.1086793 0.0503951 0.0902590 0.0877669 0.1179240 0.2105336 
G_tredecimmaculata 0.2389442 0.3106947 0.1099922 0.0993779 0.1201431 0.2250281 0.0836753 0.1107191 0.1107191 0.1152291 0.1008792 0.0973041 0.1051014 0.1086793 0.0000000 0.0801022 0.1185655 0.0629118 0.1583317 0.2646429 
G_nigropiagiata    0.2416668 0.1927833 0.0955541 0.0789199 0.0716356 0.1354487 0.0793162 0.0478037 0.0478037 0.0451368 0.0379444 0.0871525 0.0476579 0.0503951 0.0801022 0.0000000 0.0845545 0.0748686 0.1152950 0.2113547 
G_kamikawai        0.2019460 0.2484884 0.0878608 0.0800560 0.1030349 0.1742109 0.0612433 0.1033439 0.1033439 0.0874435 0.0835850 0.0648640 0.0870005 0.0902590 0.1185655 0.0845545 0.0000000 0.0876018 0.1212663 0.2247402 
G_rubripennis      0.1884888 0.2454651 0.0724358 0.0695628 0.0995264 0.1704157 0.0507380 0.0947460 0.0947460 0.0978264 0.0858463 0.0569857 0.0846158 0.0877669 0.0629118 0.0748686 0.0876018 0.0000000 0.1305334 0.1958474 
Oreina             0.3000107 0.2360779 0.1810275 0.1546110 0.1126223 0.1967600 0.1342387 0.1198627 0.1198627 0.1109764 0.1144766 0.1397129 0.1169009 0.1179240 0.1583317 0.1152950 0.1212663 0.1305334 0.0000000 0.2090036 
Chrysomela         0.4105874 0.4255066 0.2343986 0.2161548 0.2123116 0.3083537 0.1741793 0.2225737 0.2225737 0.2132347 0.1976778 0.1867225 0.2084905 0.2105336 0.2646429 0.2113547 0.2247402 0.1958474 0.2090036 0.0000000 
