20
G_viminalis_1       0.0000000 0.1828851 0.0793857 0.0730060 0.1734100 0.1375007 0.0538629 0.1713240 0.1713240 0.1608286 0.1436626 0.0400351 0.1670477 0.1670477 0.1113767 0.1373280 0.1046124 0.0920659 0.1671744 0.2607579 
G_olivacea_1        0.1828851 0.0000000 0.1773148 0.1403347 0.0727786 0.0921471 0.1409060 0.0983501 0.0983501 0.0983439 0.0902488 0.1500704 0.0943801 0.0943801 0.1573456 0.0770496 0.1326690 0.1213016 0.1605295 0.3985860 
G_rufipes           0.0793857 0.1773148 0.0000000 0.0697042 0.1678998 0.1372776 0.0740320 0.1604879 0.1604879 0.1450684 0.1347327 0.0689810 0.1561962 0.1561962 0.1063899 0.1120571 0.1051462 0.0942970 0.1085532 0.2513814 
G_linnaeana         0.0730060 0.1403347 0.0697042 0.0000000 0.1219169 0.1033228 0.0519408 0.1388362 0.1388362 0.1208043 0.1137711 0.0621780 0.1346256 0.1346256 0.0769299 0.1003160 0.0707769 0.0794097 0.1206634 0.2364291 
G_variabilis_1      0.1734100 0.0727786 0.1678998 0.1219169 0.0000000 0.0882410 0.1470534 0.0790807 0.0790807 0.0767433 0.0776619 0.1581359 0.0753010 0.0753010 0.1425637 0.0758387 0.1215073 0.0881968 0.1128019 0.3400666 
G_fornicata         0.1375007 0.0921471 0.1372776 0.1033228 0.0882410 0.0000000 0.1151560 0.0649181 0.0649181 0.0563119 0.0480847 0.1151560 0.0611652 0.0611652 0.1014165 0.0572064 0.0735136 0.0853824 0.1190383 0.2822277 
G_occidentalis      0.0538629 0.1409060 0.0740320 0.0519408 0.1470534 0.1151560 0.0000000 0.1438845 0.1438845 0.1283842 0.1129794 0.0344207 0.1398122 0.1398122 0.0922858 0.0917732 0.0858037 0.0830911 0.1371064 0.2309324 
G_interposita_1     0.1713240 0.0983501 0.1604879 0.1388362 0.0790807 0.0649181 0.1438845 0.0000000 0.0000010 0.0426192 0.0378367 0.1528692 0.0028864 0.0028864 0.1391735 0.0895371 0.1294122 0.1036691 0.1255964 0.3015341 
G_interposita_2     0.1713240 0.0983501 0.1604879 0.1388362 0.0790807 0.0649181 0.1438845 0.0000010 0.0000000 0.0426192 0.0378367 0.1528692 0.0028864 0.0028864 0.1391735 0.0895371 0.1294122 0.1036691 0.1255964 0.3015341 
G_intermedia        0.1608286 0.0983439 0.1450684 0.1208043 0.0767433 0.0563119 0.1283842 0.0426192 0.0426192 0.0000000 0.0123476 0.1263741 0.0392187 0.0392187 0.0970572 0.0679232 0.1139589 0.0820285 0.1059290 0.2545883 
G_quinquepunctata_2 0.1436626 0.0902488 0.1347327 0.1137711 0.0776619 0.0480847 0.1129794 0.0378367 0.0378367 0.0123476 0.0000000 0.1087563 0.0345725 0.0345725 0.0891622 0.0569777 0.0994485 0.0753451 0.0974910 0.2393362 
G_holdausi          0.0400351 0.1500704 0.0689810 0.0621780 0.1581359 0.1151560 0.0344207 0.1528692 0.1528692 0.1263741 0.1087563 0.0000000 0.1485995 0.1485995 0.0867527 0.0996642 0.0965986 0.0807321 0.1371064 0.2463276 
G_pallida_2         0.1670477 0.0943801 0.1561962 0.1346256 0.0753010 0.0611652 0.1398122 0.0028864 0.0028864 0.0392187 0.0345725 0.1485995 0.0000000 0.0000010 0.1349711 0.0857802 0.1253234 0.0997914 0.1214881 0.2964522 
G_pallida_3         0.1670477 0.0943801 0.1561962 0.1346256 0.0753010 0.0611652 0.1398122 0.0028864 0.0028864 0.0392187 0.0345725 0.1485995 0.0000010 0.0000000 0.1349711 0.0857802 0.1253234 0.0997914 0.1214881 0.2964522 
G_tredecimmaculata  0.1113767 0.1573456 0.1063899 0.0769299 0.1425637 0.1014165 0.0922858 0.1391735 0.1391735 0.0970572 0.0891622 0.0867527 0.1349711 0.1349711 0.0000000 0.1123012 0.0966509 0.0819666 0.1105506 0.2322568 
G_nigropiagiata     0.1373280 0.0770496 0.1120571 0.1003160 0.0758387 0.0572064 0.0917732 0.0895371 0.0895371 0.0679232 0.0569777 0.0996642 0.0857802 0.0857802 0.1123012 0.0000000 0.0825048 0.0718772 0.1137254 0.2672084 
G_kamikawai         0.1046124 0.1326690 0.1051462 0.0707769 0.1215073 0.0735136 0.0858037 0.1294122 0.1294122 0.1139589 0.0994485 0.0965986 0.1253234 0.1253234 0.0966509 0.0825048 0.0000000 0.0698067 0.0899375 0.2363062 
G_rubripennis       0.0920659 0.1213016 0.0942970 0.0794097 0.0881968 0.0853824 0.0830911 0.1036691 0.1036691 0.0820285 0.0753451 0.0807321 0.0997914 0.0997914 0.0819666 0.0718772 0.0698067 0.0000000 0.0886229 0.2011157 
Oreina_cacaiiae     0.1671744 0.1605295 0.1085532 0.1206634 0.1128019 0.1190383 0.1371064 0.1255964 0.1255964 0.1059290 0.0974910 0.1371064 0.1214881 0.1214881 0.1105506 0.1137254 0.0899375 0.0886229 0.0000000 0.2260808 
Chrysomela_tremula  0.2607579 0.3985860 0.2513814 0.2364291 0.3400666 0.2822277 0.2309324 0.3015341 0.3015341 0.2545883 0.2393362 0.2463276 0.2964522 0.2964522 0.2322568 0.2672084 0.2363062 0.2011157 0.2260808 0.0000000 
